"use client";

export default function OPDPage() {
  const headers = [
    "Department","Jan","Feb","Mar","Apr","May","Jun","Jul","Aug","Sep","Oct","Nov","Dec","Total"
  ];

  const Table = ({ title, subtitle, data }) => (
    <div className="space-y-4">
      <h2 className="text-xl font-bold text-center text-gray-800">{title}</h2>
      {subtitle && (
        <p className="text-center text-gray-600 text-sm">{subtitle}</p>
      )}

      <div className="overflow-x-auto bg-white rounded-xl shadow-lg">
        <table className="min-w-full border text-sm text-center">
          <thead className="bg-blue-900 text-white">
            <tr>
              {headers.map(h => (
                <th key={h} className="p-2 border">{h}</th>
              ))}
            </tr>
          </thead>
          <tbody>
            {data.map((row, i) => (
              <tr key={i} className="odd:bg-gray-100">
                {row.map((cell, j) => (
                  <td key={j} className="p-2 border font-medium">
                    {cell}
                  </td>
                ))}
              </tr>
            ))}
          </tbody>
        </table>
      </div>
    </div>
  );

  return (
    <div className="min-h-screen bg-gray-50 p-6 md:p-12 space-y-16">

      {/* ================= 2026 ================= */}

      <Table
        title="OP – New (Jan 2026 – 18 Feb 2026)"
        data={[
          ["General Medicine",5453,3370,"","","","","","","","","","",8823],
          ["General Surgery",2263,1360,"","","","","","","","","","",3623],
          ["Orthopaedics",1488,1118,"","","","","","","","","","",2606],
          ["Ophthalmology",352,271,"","","","","","","","","","",623],
          ["Obstetrics & Gynaecology",1938,1211,"","","","","","","","","","",3149],
          ["Paediatrics",2351,1539,"","","","","","","","","","",3890],
          ["Psychiatry",234,145,"","","","","","","","","","",379],
          ["Dermatology",604,588,"","","","","","","","","","",1192],
          ["ENT",1206,881,"","","","","","","","","","",2087],
          ["Total",15889,10483,"","","","","","","","","","",26372],
        ]}
      />

      <Table
        title="OP – Revisit (Jan 2026 – 18 Feb 2026)"
        data={[
          ["General Medicine",2326,1475,"","","","","","","","","","",3801],
          ["General Surgery",1754,1020,"","","","","","","","","","",2774],
          ["Orthopaedics",1383,972,"","","","","","","","","","",2355],
          ["Ophthalmology",765,480,"","","","","","","","","","",1245],
          ["Obstetrics & Gynaecology",1271,786,"","","","","","","","","","",2057],
          ["Paediatrics",1193,839,"","","","","","","","","","",2032],
          ["Psychiatry",201,160,"","","","","","","","","","",361],
          ["Dermatology",486,222,"","","","","","","","","","",708],
          ["ENT",623,428,"","","","","","","","","","",1051],
          ["Total",10002,6382,"","","","","","","","","","",16384],
        ]}
      />

      <Table
        title="OP – New + Revisit (Jan 2026 – 18 Feb 2026)"
        data={[
          ["General Medicine",7779,4845,"","","","","","","","","","",12624],
          ["General Surgery",4017,2380,"","","","","","","","","","",6397],
          ["Orthopaedics",2871,2090,"","","","","","","","","","",4961],
          ["Ophthalmology",1117,751,"","","","","","","","","","",1868],
          ["Obstetrics & Gynaecology",3209,1997,"","","","","","","","","","",5206],
          ["Paediatrics",3544,2378,"","","","","","","","","","",5922],
          ["Psychiatry",435,305,"","","","","","","","","","",740],
          ["Dermatology",1090,810,"","","","","","","","","","",1900],
          ["ENT",1829,1309,"","","","","","","","","","",3138],
          ["Total",25891,16865,"","","","","","","","","","",42756],
          ["Emergency Footfall",1966,1274,"","","","","","","","","","",3240],
        ]}
      />

      {/* ================= 2025 ================= */}

      <Table
        title="OP – New (Jan 2025 – Dec 2025)"
        data={[
          ["General Medicine",3078,2918,3912,3449,3859,2531,2951,2981,4036,4221,4725,4855,43516],
          ["General Surgery",2579,2419,3254,2902,3211,2066,2411,2429,3337,3333,2995,2568,35504],
          ["Orthopaedics",2253,2138,2884,2650,2915,1721,2002,2011,1844,1718,1590,1398,25124],
          ["Ophthalmology",1075,989,1300,1244,1325,829,954,954,562,572,586,440,10830],
          ["Obstetrics & Gynaecology",1585,1442,1968,1842,1991,1266,1458,1462,2434,2271,2106,1933,21758],
          ["Paediatrics",1193,1074,1449,1390,1481,933,1069,1073,2057,2197,2278,2561,18755],
          ["Psychiatry",642,588,782,728,764,471,546,555,259,330,363,262,6290],
          ["Dermatology",784,708,955,900,957,590,681,688,542,612,782,699,8898],
          ["ENT",784,707,955,903,963,592,681,685,623,862,1343,1434,10532],
          ["Total",13973,12983,17459,16008,17466,10999,12753,12838,15694,16116,16768,16150,179207],
        ]}
      />

      <Table
        title="OP – Revisit (Jan 2025 – Dec 2025)"
        data={[
          ["General Medicine",1988,1660,2383,2301,2543,3503,4394,4299,3493,3054,2714,2264,34596],
          ["General Surgery",1583,1421,1973,1845,2222,3003,3528,3564,3329,3164,2330,1960,29922],
          ["Orthopaedics",1391,1303,1761,1709,2001,2740,2998,2900,2264,1923,1497,1224,23711],
          ["Ophthalmology",655,582,826,801,888,1218,1409,1405,917,1058,1149,875,11783],
          ["Obstetrics & Gynaecology",912,822,1235,1255,1374,1809,2178,2224,2642,2070,1506,1314,19341],
          ["Paediatrics",715,591,858,929,1050,1379,1604,1551,2066,1835,1317,1200,15095],
          ["Psychiatry",424,373,469,480,547,698,820,823,418,505,646,273,6476],
          ["Dermatology",543,433,613,593,711,890,1042,990,860,1026,1255,799,9755],
          ["ENT",453,460,578,568,737,948,1023,1097,826,842,958,759,9249],
          ["Total",8664,7645,10696,10481,12073,16188,18996,18853,16815,15477,13372,10668,159928],
        ]}
      />

      <Table
        title="OP – New + Revisit (Jan 2025 – Dec 2025)"
        data={[
          ["General Medicine",5066,4578,6295,5750,6402,6034,7345,7280,7529,7275,7439,7119,78112],
          ["General Surgery",4162,3840,5227,4747,5433,5069,5939,5993,6666,6497,5325,4528,63426],
          ["Orthopaedics",3644,3441,4645,4359,4916,4461,5000,4911,4108,3541,3087,2622,48835],
          ["Ophthalmology",1730,1571,2126,2045,2213,2047,2363,2359,1479,1630,1735,1315,22613],
          ["Obstetrics & Gynaecology",2497,2264,3203,3097,3365,3075,3636,3686,5076,4341,3612,3247,41099],
          ["Paediatrics",1908,1665,2307,2319,2531,2312,2673,2624,4123,4032,3595,3761,33850],
          ["Psychiatry",1066,961,1251,1208,1311,1169,1366,1378,677,835,1009,535,12766],
          ["Dermatology",1327,1141,1568,1493,1668,1480,1723,1678,1402,1638,2037,1498,18653],
          ["ENT",1237,1167,1533,1471,1700,1540,1704,1782,1449,1704,2301,2193,19781],
          ["Total",22637,20628,28155,26489,29539,27187,31749,31691,32509,31593,30140,26818,339135],
        ]}
      />

    </div>
  );
}